82BPM_Dubstep
128BPM_Drakkar
82
159
4

1 -50 0
3 -50 0
5 -30 0
6 -35 0
7 -40 0
8 -45 0
11 0 2
13 0 2
15 50 1
16 60 1
18 30 1
20 30 1
22 60 1
23 55 1
24 50 1
25 45 1
27 55 1
29 65 1
31 75 1
33 -60 0
35 -60 0
37 -40 0
38 -45 0
39 -50 0
40 -55 0
43 0 2
45 0 2
47 -70 0
48 -60 0
50 -70 0
52 -70 0
54 -40 0
55 -45 0
56 -50 0
57 -55 0
59 -50 0
61 -45 0
63 -35 0
66 35 1
67 35 1
69 70 1
70 65 1
71 60 1
72 50 1
79 -70 0
80 -65 0
82 -70 0
84 -70 0
86 -40 0
87 -45 0
88 -55 0
89 -65 0
91 -55 0
93 -45 0
95 -35 0
97 35 1
99 35 1
101 70 1
102 65 1
103 60 1
104 55 1
107 0 2
109 0 2
110 -50 0
111 -40 0
113 -50 0
115 -50 0
117 -20 0
118 -25 0
119 -35 0
120 -30 0
122 -25 0
124 -20 0
126 -15 0
133 -10 2
134 10 2
135 -10 2
136 10 2
138 -60 0
139 -60 0
141 -30 0
142 -35 0
143 -40 0
144 -45 0
146 -60 0
147 -60 0
149 -50 0
151 30 1
152 35 1
154 30 1
156 30 1
158 60 1
159 55 1
160 45 1
161 35 1
163 40 1
165 45 1
167 50 1
169 -70 0
171 -70 0
173 -30 0
174 -35 0
175 -45 0
176 -55 0
178 -15 2
179 -15 2
181 10 2
183 35 1
184 40 1
186 35 1
188 35 1
190 65 1
191 60 1
192 50 1
193 45 1
195 50 1
197 55 1
199 65 1
201 -70 0
203 -70 0
205 -35 0
206 -40 0
207 -50 0
208 -60 0
210 -10 2
211 -10 2
213 5 2
215 -70 0
216 -60 0
218 -70 0
220 -70 0
222 -35 0
223 -40 0
224 -50 0
225 -60 0
227 -55 0
229 -45 0
231 -35 0
233 35 1
235 35 1
237 75 1
238 70 1
239 60 1
240 50 1
242 -10 2
243 -10 2
245 10 2
247 40 1
248 45 1
250 40 1
252 40 1
254 70 1
255 65 1
256 55 1
257 45 1
259 50 1
261 55 1
263 65 1
265 0 2